local main = game.ReplicatedStorage:FindFirstChild("HDAdminClient")


local Gears = {19381970,
	236402747,
	321345839,
	125013769,
	120749452,
	124472052,
	110337828,
	790979662,
	147143848,
	48159731,
	257829534,
	512422543,
	48596324,
	300410436,
	36107470,
	1865177377,
	467895641,
	61963621,
	114687251,
	181245219,
	1665544157,
	2413755690,
	445146200,
	444457864,
	2804667002,
	100472084,
	1665509807,
	101078559,
	91360028,
	298087401,
	101078953,
	206136532,
	2535464538,
	83021236,
	2588272910,
	2190019650,
	36913594,
	36738185,
	101734094,
	124908320,
	73089239,
	98253592,
	2605965785,
	10758456,
	40811356,
	97932897,
	254608905,
	164017027,
	97885572,
	2530753967,
	134109039,
	83021217,
	163352376,
	11999235,
	57229313,
	230729032,
	1760406591,
	41856126,
	108234775,
	89203876,
	257811449,
	14516975,
	96669687,
	416846710,
	928807470,
	225921650,
	2463675080,
	44115185,
	1076255449,
	2470984833,
	398122724,
	46360920,
	101078350,
	66416616,
	173751087,
	292971046,
	537435862,
	21001552,
	183355732,
	96095042,
	382837983,
	280662667,
	21392199,
	62350883,
	2409286506,
	140490812,
	450566409,
	101854599,
	522587921,
	15642486,
	92142950,
	658805662,
	869125445,
	193772607,
	11453385,
	58574445,
	335132838,
	149612243,
	746686384,
	221173389,
	35684857,
	2845994810,
	116693715,
	180300142,
	401277404,
	356212121,
	22152195,
	845518976,
	149222485,
	16688968,
	75556791,
	24791472,
	179625551,
	212641536,
	61916108,
	21439991,
	57902859,
	1145081326,
	52180858,
	119101643,
	114020538,
	126719120,
	204095724,
	420160506,
	112591865,
	58921588,
	329022047,
	987032734,
	139593916,
	66896601,
	52625733,
	29100347,
	473287763,
	71422340,
	83704190,
	10727852,
	1117745433,
	243788599,
	116693694,
	16986805,
	60888308,
	709399046,
	40493542,
	15970544,
	188644771,
	341108783,
	110204666,
	192537346,
	226206639,
	223439643,
	107458483,
	602145262,
	76170545,
	55192815,
	96669682,
	342869414,
	92142841,
	2190016098,
	1016496274,
	44084783,
	26014536,
	1132887630,
	51346336,
	24903474,
	94233367,
	1363023036,
	271017217,
	57983650,
	891924036,
	11999247,
	27902406,
	23922939,
	101191388,
	10730984,
	34898883,
	302030998,
	738924664,
	88143093,
	1377987605,
	204095612,
	2568114215,
	1119904760,
	537436448,
	503957703,
	108875216,
	2136443074,
	1320966824,
	37347081,
	65546284,
	346687267,
	1119905177,
	431047232,
	2605966484,
	304720496,
	1602503043,
	117498775,
	45513203,
	18479966,
	74972442,
	286526176,
	105351545,
	98970218,
	154727251,
	1245309147,
	1990279115,
	193743245,
	2568200796,
	76768897,
	106064315,
	3459932051,
	241017426,
	317592936,
	67755215,
	435116927,
	96669697,
	2646396550,
	209290837,
	2620452349,
	98253626,
	467109039,
	152173291,
	70353298,
	880453518,
	150980409,
	903197575,
	2436000243,
	621090617,
	2014853976,
	154727343,
	31839203,
	85145662,
	241511828,
	515687925,
	50938746,
	103235041,
	95354288,
	162979146,
	113299641,
	30649735,
	143517948,
	53130887,
	501942750,
	1103012605,
	83021250,
	1132884456,
	2569012480,
	37816777,
	424700938,
	176087640,
	69499452,
	24419822,
	1046323916,
	10510024,
	402305186,
	63721711,
	43245104,
	75906973,
	60678464,
	93725362,
	12775410,
	1363010936,
	1241585055,
	904534702,
	135518721,
	4771621161,
	183347165,
	146047188,
	16987194,
	111876831,
	49929724,
	101079008,
	286527185,
	91445669,
	50937815,
	14131602,
	243777016,
	1789546750,
	146026904,
	22596452,
	26774629,
	69947379,
	73265108,
	106701619,
	2221408043,
	106701702,
	230758639,
	66416579,
	149638899,
	95951330,
	223785473,
	1513260464,
	52627419,
	346685995,
	93536867,
	1560398824,
	34399318,
	88146497,
	357834584,
	164015715,
	11719016,
	99130630,
	1304339797,
	413199938,
	972187699,
	315617026,
	92628079,
	2261167878,
	319106687,
	1016184293,
	152173304,
	49929746,
	16641274,
	65979823,
	122278316,
	478707595,
	365631067,
	61916137,
	1149573271,
	583007360,
	398122525,
	2385189785,
	2906731998,
	188868661,
	88885539,
	36568603,
	73089229,
	330296114,
	287426148,
	126719148,
	30393548,
	277955605,
	1241156565,
	51757162,
	1929592959,
	135472231,
	228589017,
	365642085,
	439307591,
	445120580,
	89488524,
	30847746,
	136170437,
	84012460,
	1903663829,
	3039376170,
	78665196,
	75906942,
	204095670,
	59805584,
	313532207,
	42845853,
	152187131,
	121385230,
	317593132,
	41457484,
	445119186,
	80576967,
	292046825,
	2463674178,
	39258329,
	220288991,
	2014805757,
	743692715,
	45941397,
	477910063,
	209980247,
	1076457286,
	302281291,
	122278149,
	108899214,
	225921137,
	99797381,
	2008154280,
	1981813154,
	11450664,
	15470222,
	108149201,
	2548989639,
	2163551089,
	1119906090,
	26777502,
	1363020083,
	3130875522,
	16200402,
	2463693263,
	112591894,
	163351579,
	230758501,
	95951291,
	313532292,
	102705402,
	335085355,
	1102656209,
	1427401206,
	327365543,
	158069110,
	60357972,
	610133129,
	2846107063,
	170902990,
	80576913,
	181469279,
	2548992615,
	280662903,
	60357982,
	179369406,
	62803173,
	91445347,
	566780253,
	25923196,
	147143881,
	99206951,
	549915884,
	105189783,
	40504724,
	257837994,
	110703943,
	2261478942,
	1377984056,
	253519495,
	64869906,
	99033296,
	1062304136,
	880448457,
	55028088,
	152971952,
	51302649,
	30392263,
	24294377,
	1183006601,
	2470982537,
	29532089,
	101078524,
	130113146,
	202039834,
	73829193,
	81847570,
	1230839551,
	64869947,
	450565762,
	74385386,
	73829202,
	90220438,
	66416590,
	27902388,
	1119905579,
	159229806,
	34398938,
	382837475,
	55301897,
	59175777,
	92627988,
	24814192,
	754871615,
	170897263,
	11999279,
	106701564,
	361950795,
	97161222,
	226205948,
	135949859,
	425121415,
	183665514,
	184758255,
	16969792,
	527384527,
	2646379006,
	169602388,
	61459706,
	579868200,
	108875172,
	834681446,
	45201977,
	82357079,
	149222558,
	107458531,
	390969719,
	147937415,
	49491716,
	1694661592,
	270560835,
	2385192846,
	471830826,
	163488515,
	110337884,
	71037056,
	125859385,
	66896542,
	215355157,
	21064230,
	11419319,
	87361806,
	62803165,
	147948041,
	221241923,
	58901405,
	89203895,
	1149193097,
	35268363,
	435116454,
	89390416,
	1084980039,
	146047247,
	383608755,
	163355404,
	1609498185,
	52180863,
	63721700,
	13745494,
	257816690,
	64647651,
	99119198,
	78665215,
	16201628,
	26417031,
	69567879,
	286526788,
	24396804,
	172246669,
	29959897,
	36913601,
	172922089,
	99119261,
	106064277,
	1402445648,
	280661926,
	112593687,
	53130896,
	56561593,
	70476435,
	51347716,
	1340206957,
	96501454,
	139578207,
	1829110586,
	188643628,
	1241585476,
	23306097,
	79446473,
	492670565,
	255800146,
	50454041,
	55027987,
	178400986,
	186867645,
	192456288,
	78005022,
	16924676,
	11956382,
	2620523875,
	359244394,
	278009025,
	2435999675,
	32353654,
	98341183,
	94233344,
	181356054,
	178077177,
	77443704,
	65082246,
	1868161479,
	118650365,
	183797762,
	2445084910,
	20056642,
	250407413,
	2008155070,
	70476425,
	139577956,
	91360052,
	233520425,
	332748371,
	60357959,
	35223828,
	160189476,
	2535472650,
	56561570,
	146026944,
	60888200,
	185422758,
	489197999,
	1088051376,
	420161128,
	54130552,
	86903805,
	20721924,
	223785065,
	119934168,
	186958653,
	1145358304,
	382837706,
	515688387,
	186868758,
	124126528,
	21416138,
	97311482,
	2906731343,
	99119158,
	85145680,
	19396450,
	186521342,
	395205954,
	131372632,
	208659586,
	53917288,
	999861927,
	176087466,
	264991177,
	149411775,
	108149175,
	16726030,
	1208300505,
	125013849,
	120749528,
	1427439972,
	356212933,
	754869699,
	16216702,
	334620158,
	19644347,
	211944997,
	27312415,
	431044405,
	127506105,
	160189629,
	2620524562,
	67747884,
	12909278,
	65954788,
	430065768,
	2906732820,
	1748604797,
	233657188,
	160199141,
	54694334,
	47871615,
	295460073,
	123234545,
	152824068,
	3600621618,
	19703034,
	2470977704,
	236403380,
	96493688,
	1929597345,
	1178843200,
	409745306,
	90220371,
	1645052196,
	461488745,
	2291005315,
	54130543,
	306971449,
	163995460,
	65969749,
	178076749,
	168141301,
	24015579,
	58880579,
	114491710,
	402304782,
	1241156683,
	32858699,
	629893424,
	128160832,
	87361662,
	68478587,
	1560400932,
	430066424,
	172248941,
	406101128,
	383609201,
	46362414,
	1694623317,
	150366320,
	725802037,
	71597072,
	999866081,
	610133821,
	88146486,
	2549005282,
	223800426,
	178076989,
	743692189,
	24713330,
	398122908,
	54694311,
	233660801,
	91450692,
	74385399,
	243791329,
	28672001,
	190094159,
	105351720,
	37694889,
	164207842,
	78665204,
	36042596,
	2163549594,
	1868405032,
	157205818,
	215448210,
	65079094,
	30847685,
	537374622,
	880499904,
	40493658,
	183826384,
	77443461,
	1060282245,
	1191128759,
	563288952,
	94119269,
	64870021,
	45754061,
	152823565,
	2002056831,
	230185510,
	1183008259,
	14864611,
	29099749,
	88143060,
	1320966419,
	515688568,
	68848741,
	37821473,
	334620605,
	454733534,
	18268645,
	62350856,
	27245855,
	341109697,
	81155006,
	230516405,
	1316010086,
	184757948,
	66426498,
	395205750,
	22920072,
	236443047,
	159199204,
	131592085,
	277954704,
	158069143,
	11885154,
	158069180,
	117498793,
	13206887,
	638034686,
	208659734,
	387286257,
	209980135,
	336371164,
	2535479252,
	728205177,
	126710875,
	99206970,
	939160890,
	1245307956,
	93536844,
	94794847,
	334620353,
	15470359,
	512451831,
	346687565,
	103234296,
	152822847,
	1145358579,
	102705454,
	16200199,
	243790334,
	164174293,
	126704033,
	1678314358,
	674104921,
	85754656,
	69499437,
	143606407,
	65082275,
	1088051790,
	155414424,
	135949881,
	27854500,
	27848921,
	1363019628,
	92142829,
	29959768,
	743691009,
	84417281,
	95951270,
	19111883,
	218631022,
	35682284,
	124128001,
	398675172,
	382837631,
	90211299,
	59848509,
	176087597,
	95258660,
	891900286,
	17527923,
	1903666770,
	335086410,
	236438668,
	117544573,
	17527921,
	255800577,
	163995329,
	2845952487,
	105189286,
	1304344132,
	241542047,
	22158176,
	168143042,
	936703279,
	55917429,
	257840933,
	2010630652,
	29532111,
	98411325,
	68603324,
	170896571,
	261447208,
	99797403,
	82357101,
	25545089,
	99797357,
	2846003729,
	23156134,
	18474459,
	26777410,
	939151180,
	57229337,
	65969704,
	313547345,
	35293856,
	36017373,
	292969139,
	536288166,
	380210977,
	168142869,
	14131296,
	19382057,
	97756645,
	27848937,
	181469197,
	439988813,
	815545408,
	25317304,
	150980377,
	2548993638,
	21294489,
	85150452,
	16214845,
	42321801,
	241017568,
	52625728,
	31839260,
	1033137155,
	163355764,
	108148416,
	34870758,
	218634097,
	284135286,
	181245172,
	433923430,
	93722515,
	93722443,
	31314966,
	2221409781,
	27858062,
	109583822,
	2350119937,
	66896565,
	225921000,
	319656339,
	172298750,
	139574344,
	2528612802,
	1536053426,
	116055112,
	15177716,
	46360870,
	128209615,
	64447616,
	108155504,
	718245473,
	343586214,
	128210518,
	527383094,
	332747438,
	149612200,
	110892267,
	2045767145,
	51757126,
	743687369,
	150336333,
	33879504,
	70476446,
	72069827,
	19111894,
	3459922232,
	43567614,
	33683368,
	790967234,
	155696189,
	2845988123,
	2506347092,
	28277486,
	1560608167,
	292970740,
	32356064,
	725802546,
	27494652,
	142498104,
	82707577,
	152233381,
	27471379,
	834681176,
	25695001,
	264289990,
	64372667,
	2136389582,
	60888225,
	19703476,
	2803762878,
	45177979,
	128162639,
	22969230,
	492854717,
	22787248,
	1587175338,
	42845684,
	532254782,
	359178822,
	483308681,
	206799274,
	16200420,
	549914888,
	30393653,
	183665594,
	86692539,
	295460702,
	163355211,
	16435368,
	93746675,
	161216321,
	23153735,
	13477890,
	150980471,
	49052638,
	332747874,
	132870835,
	385780758,
	58574416,
	315573586,
	25926517,
	191261808,
	73232803,
	62350846,
	59190534,
	257343434,
	273795078,
	2845820064,
	498752764,
	2569028708,
	113328094,
	283755431,
	78005009,
	172922026,
	1363011928,
	185422055,
	75550883,
	105289761,
	1402446243,
	2845969550,
	42845609,
	45941451,
	58574431,
	168140516,
	99797327,
	431042935,
	806882461,
	183355892,
	150366274,
	22960435,
	69964719,
	236403905,
	96669943,
	95484098,
	445136641,
	334523653,
	398675588,
	365674685,
	602146440,
	1060280135,
	53130867,
	65469908,
	161220552,
	168141496,
	179369627,
	82707568,
	38861951,
	69567827,
	27860496,
	206566653,
	1074742019,
	13207169,
	294950095,
	143606363,
	99254358,
	100472063,
	215392741,
	153025459,
	42847923,
	515688182,
	212500257,
	18409191,
	46132907,
	29100543,
	161211085,
	253485047,
	71597027,
	206798405,
	686806111,
	300410799,
	968188707,
	1213389922,
	183665171,
	2936947382,
	20642023,
	16435306,
	121121915,
	87361508,
	395449601,
	47597760,
	2230347432,
	66426103,
	161208517,
	108153884,
	116040807,
	1183007014,
	987005222,
	928796097,
	298085284,
	250407647,
	253518869,
	503957396,
	122278276,
	123042140,
	18971349,
	136172718,
	103360212,
	139308319,
	47871635,
	14130887,
	84419543,
	264290413,
	76170515,
	51760061,
	405991634,
	2008153361,
	149612167,
	2103276507,
	80661504,
	257807125,
	164369961,
	84417104,
	305943571,
	132789698,
	4771622762,
	73089166,
	105351503,
	10760425,
	233519998,
	93136674,
	86492467,
	64220933,
	172246820,
	129471121,
	48159815,
	1258015943,
	44561400,
	273970482,
	139577901,
	4771619789,
	29532138,
	99119240,
	257812862,
	116040828,
	218631128,
	286527303,
	566780416,
	52180878,
	37694914,
	397902579,
	1915020448,
	77443436,
	635636907,
	129457095,
	12547976,
	2350122208,
	48596305,
	119101595,
	343587237,
	846792499,
	76262706,
	501755654,
	13838639,
	31839411,
	115377964,
	1149579825,
	20577851,
	148791414,
	987030948,
	114690870,
	143606297,
	18482562,
	37821008,
	10884288,
	96095000,
	116040770,
	1402322831,
	18481407,
	57229357,
	2845941219,
	108148479,
	21440120,
	183704866,
	16200508,
	2907613658,
	456221232,
	139577997,
	72713855,
	52938493,
	50454086,
	52625744,
	91518057,
	10468797,
	95354259,
	106701659,
	174752245,
	17237692,
	109364052,
	21439965,
	13478015,
	123234673,
	108875237,
	36105781,
	535104095,
	1678349400,
	19704172,
	193705415,
	569676258,
	845527166,
	25977812,
	4811755352,
	190094313,
	10472779,
	43245530,
	325758098,
	319656563,
	71422327,
	250533235,
	314534854,
	67755182,
	66823631,
	40493590,
	1001653705,
	181245141,
	98411436,
	17237662,
	188644205,
	445122594,
	1856117810,
	56561579,
	16979083,
	261439002,
	26673760,
	102705430,
	835780770,
	1665541125,
	346687946,
	187688069,
	892003497,
	375829909,
	220288951,
	25740034,
	23307906,
	709229848,
	1466353882,
	2528738178,
	2620451289,
	150927798,
	498752334,
	123234510,
	116693764,
	88885506,
	121946387,
	103359953,
	127506324,
	148791372,
	21445765,
	1536052210,
	427948872,
	68539623,
	99254437,
	18479357,
	221173959,
	92628074,
	201756469,
	93709266,
	392057539,
	52180871,
	1865195740,
	122278207,
	1469987740,
	73888479,
	283754518,
	58901575,
	58364871,
	11115851,
	273969902,
	55302225,
	31314849,
	820013867,
	1427402073,
	255800783,
	304721834,
	19643249,
	63721732,
	233520257,
	44116233,
	24785057,
	185422295,
	94233286,
	32355759,
	365642352,
	26421972,
	928794651,
	27860445,
	125859483,
	698862470,
	223785350,
	36738142,
	20373160,
	1213388821,
	315574690,
	89491407,
	2274759555,
	75550907,
	73799243,
	74904396,
	12187348,
	3600622810,
	15179006,
	89390459,
	51346471,
	1466341532,
	317593302,
	215355320,
	99641902,
	110789105,
	127506257,
	23153742,
	243790517,
	85879456,
	56561607,
	1708354246,
	420178043,
	83021197,
	64647631,
	315565799,
	85150978,
	147937284,
	569678090,
	122330194,
	12848902,
	152832328,
	32858741,
	34247537,
	163354553,
	152824174,
	121385328,
	97885552,
	59190543,
	461489128,
	1340206298,
	71597060,
	621089209,
	83704179,
	75941738,
	65469817,
	101715440,
	72069888,
	54694329,
	101106419,
	11563251,
	1144705079,
	1191149773,
	147937443,
	79446454,
	16951083,
	67747912,
	33867016,
	434289516,
	65545971,
	151291980,
	186959114,
	188854357,
	96501417,
	110337910,
	2506365260,
	445150567,
	300436644,
	548019247,
	261826406,
	47262951,
	71597048,
	439989184,
	36568418,
	32355966,
	83704169,
	126719093,
	108148449,
	91360104,
	10469910,
	321582427,
	64160538,
	109583797,
	45513247,
	233520157,
	2226815033,
	515687734,
	22152171,
	27474371,
	89487934,
	121385262,
	15176169,
	261826521,
	88870392,
	2907611562,
	155662087,
	110702207,
	141759818,
	67494312,
	65469882,
	79446433,
	2568113462,
	226206426,
	94794774,
	55302141,
	483308034,
	118281463,
	335087161,
	501966315,
	257342981,
	250534394,
	3798370428,
	212296936,
	68233678,
	63253676,
	17680660,
	58901335,
	945527020,
	93528414,
	146026928,
	467109371,
	1145080014,
	101110605,
	139578061,
	42845896,
	35200756,
	97885508,
	220289039,
	10910681,
	18482570,
	88885497,
	93536827,
	44084677,
	18466105,
	176087556,
	116693735,
	193769809,
	152766031,
	472607336,
	160189720,
	19703062,
	119917531,
	30847779,
	180313580,
	228588651,
	73799348,
	170903216,
	1001541309,
	223132588,
	12187319,
	302280931,
	583159170,
	503955938,
	1033136271,
	537436189,
	157205831,
	69209924,
	346686597,
	1241587075,
	148790984,
	445132899,
	152660258,
	257807712,
	467137230,
	283756680,
	162857422,
	71037028,
	152823669,
	97161241,
	152233094,
	159199218,
	456226536,
	454733927,
	33382711,
	319655993,
	76596299,
	50938773,
	359179463,
	380204314,
	287425246,
	26419811,
	302063713,
	79736563,
	120749408,
	168140813,
	1103011681,
	38326803,
	150980444,
	64160547,
	41855400,
	1047878121,
	164174394,
	22787168,
	229909697,
	405996670,
	181245094,
	521925833,
	181245120,
	151292047,
	445122795,
	549914420,
	999864256,
	2535102249,
	94794833,
	189910805,
	154727487,
	108875151,
	806754856,
	169669671,
	53623322,
	147937377,
	162857316,
	49052716,
	93136746,
	1230024287,
	332774000,
	49059364,
	25162389,
	212296400,
	112593662,
	264990548,
	1504917437,
	98411393,
	114020480,
	173812248,
	16726984,
	181355844,
	180518956,
	1587165780,
	181196009,
	12187431,
	42200159,
	65347268,
	24419811,
	93136802,
	243890860,
	939132399,
	162857268,
	107458429,
	71037076,
	2409287383,
	999864737,
	553939167,
	182273893,
	2530729378,
	54130559,
	183346956,
	583030187,
	148521629,
	170903868,
	306971294,
	2713323785,
	241512134,
	3381453136,
	501753915,
	146047220,
	1532311127,
	674103772,
	29939404,
	1046322934,
	79736586,
	125013799,
	36568384,
	1149193369,
	507797529,
	161219985,
	47597835,
	782684707,
	1258015236,
	252564167,
	368070589,
	37821996,
	97161262,
	93136666,
	146057771,
	228588772,
	904534058,
	1665540132,
	62350867,
	261827192,
	80576928,
	113299590,
	880432781,
	356213494,
	257813288,
	501939119,
	2045764727,
	134111541,
	42201538,
	150336402,
	91517984,
	35226945,
	953518028,
	151311761,
	99254203,
	154727201,
	94333296,
	1241586595,
	160198008,
	190094270,
	63721724,
	1224414225,
	119917556,
	140821168,
	409746054,
	65079090,
	41855117,
	928806888,
	156467963,
	75906930,
	80597060,
	12562394,
	62827121,
	287424705,
	21439778,
	69210407,
	104642566,
	1981809272,
	67798397,
	151777652,
	91360081,
	2620441860,
	147143821,
	1208300973,
	1191143111,
	36068233,
	161219921,
	82711870,
	1789547756,
	157205782,
	27902398,
	40892405,
	184760397,
	162857357,
	121385193,
	44561450,
	66416602,
	2290921705,
	183355969,
	264989911,
	16975388,
	27133214,
	128160929,
	152173333,
	23532796,
	467859890,
	49491808,
	302418416,
	1144845319,
	104642550,
	639345143,
	64870000,
	639343572,
	22788972,
	10468915,
	2803771415,
	313532084,
	66896638,
	3600625118,
	21440340,
	67747860,
	313547087,
	152187198,
	90718686,
	116040789,
	2222648398,
	21351465,
	110337782,
	125013830,
	945542990,
	114020557,
	72318993,
	46846115,
	21440056,
	2103274863,
	232520546,
	41457719,
	178076831,
	583026228,
	81847365,
	57983532,
	138761013,
	193771176,
	136213778,
	156467926,
	26017478,
	33867401,
	88885481,
	880506541,
	375832969,
	61459718,
	174418144,
	13206984,
	583157224,
	3739219006,
	517827962,
	172921991,
	152822815,
	186868641,
	2620470482,
	133315268,
	36334760,
	78730532,
	25158998,
	53623248,
	264990158,
	73232825,
	304720206,
	1748602670,
	2620420065,
	1708355542,
	1856115349,
	129471170,
	153939072,
	98253651,
	19703041,
	306971659,
	24294400,
	16433862,
	728207067,
	244082303,
	1047877698,
	939148317,
	36431591,
	1492225511,
	102705386,
	65554735,
	1360077860,
	186867693,
	96092647,
	35201552,
	81330766,
	97886188,
	51757158,
	57902997,
	88146505,
	445118914,
	29345958,
	173781053,
	2544539043,
	156467990,
	292044716,
	1074738432,
	261762082,
	118281490,
	49929767,
	61459678,
	21802000,
	65545955,
	268533563,
	69210321,
	2136411578,
	81847533,
	82357123,
	11373617,
	2470915740,
	129471151,
	68603151,
	236441643,
	522586178,
	37347098,
	67755192,
	295461517,
	243007180,
	34901961,
	113299620,
	382837862,
	168142394,
	29959911,
	72644629,
	1215506016,
	24440014,
	12504077,
	160198363,
	94233391,
	125859450,
	42200852,
	1016183873,
	19397135,
	60791062,
	13477940,
	22788064,
	2261881814,
	359179120,
	159913543,
	55917432,
	511930668,
	15932306,
	18426536,
	17237675,
	153939226,
	14876573,
	928805891,
	1117743696,
	10831489,
	85879435,
	55917409,
	287424278,
	2445089071,
	336370943,
	379098145,
	25974222,
	46360821,
	65969758,
	15397778,
	57983479,
	2136391608,
	939145471,
	410001793,
	174752553,
	61459592,
	3410296138,
	22788134,
	13206856,
	79446395,
	31314931,
	928914739,
	73089190,
	330296266,
	1748600996,
	35683911,
	87361995,
	164207580,
	1829078563,
	93667422,
	511931885,
	15973049,
	117498849,
	2620523077,
	70476451,
	91294485,
	467138029,
	72644603,
	387285940,
	903199054,
	147143863,
	16722267,
	114020505,
	163348987,
	30847733,
	325755895,
	1469849512,
	152660131,
	73089214,
	232522034,
	34399428,
	174752400,
	221181437,
	28664212,
	36270159,
	15470183,
	108158439,
	18776718,
	738925737,
	88885268,
	127506364,
	114687223,
	62809243,
	21439893,
	101106464,
	191261930,
	330295904,
	91366868,
	130112971,
	1513262045,
	1230027322,
	105430216,
	163323379,
	939131179,
	445151478,
	248285248,
	306163602,
	77443491,
	204485737,
	33383241,
	182273799,
	43708954,
	153938986,
	2008153855,
	163351966,
	13841367,
	91658290,
	58901534,
	74904387,
	168142114,
	1360078533,
	38327125,
	58574452,
	69947367,
	163348575,
	95484354,
	36042821,
	148017553,
	160198658,
	66823689,
	50938765,
	718259118,
	243788010,
	107458461,
	24841520,
	1560600467,
	835779898,
	85879447,
	67319408,
	44115926,
	718234275,
	162979250,
	58901481,
	221266538,
	95354268,
	14719505,
	323477973,
	37347141,
	48395736,
	257838919,
	467935723,
	95951359,
	433922317,
	635616686,
	161075864,
	501941714,
	2316760298,
	123134886,
	82711866,
	51346271,
	1990272438,
	790968060,
	27902303,
	85879465,
	100469994,
	159199229,
	188853857,
	163353363,
	183441634,
	90242059,
	19328185,
	54130537,
	1215515248,
	47262108,
	25535467,
	68354832,
	164016477,
	228588531,
	21392417,
	75550928,
	85145757,
	28492363,
	215354986,
	32199868,
	130113061,
	1748603889,
	57229371,
	26945832,
	16200373,
	1227732454,
	73829214,
	64647666,
	2906730676,
	146071355,
	18462637,
	217901450,
	59806354,
	454734258,
	59848474,
	103358098,
	46846024,
	21754543,
	174752186,
	99174250,
	413200176,
	189910262,
	262406180,
	72644644,
	98346415,
	292969932,
	257343597,
	1076467071,
	99254164,
	106064469,
	3039392931,
	244081145,
	180298135,
	460099901,
	169602010,
	101854660,
	155662051,
	563287969,
	257810065,
	201756020,
	245617341,
	329021959,
	170896461,
	95354304,
	31839337,
	341110180,
	271017031,
	161282711,
	85150872,
	35366215,
	70032387,
	15668963,
	144510568,
	148812192,
	16895215,
	36784258,
	181550181,
	103338520,
	233633874,
	124127383,
	64220952,
	49491781,
	27171403,
	391005275,
	223132403,
	492979024,
	24903431,
	98253569,
	110337853,
	357837444,
	361950297,
	2758794374,
	105351748,
	1380788230,
	81847637,
	858740936,
	236440696,
	675312894,
	114552541,
	20519646,
	268533852,
	471751406,
	22960388,
	277956390,
	26013203,
	123234626,
	16200204,
	928913996,
	53623350,
	49929776,
	55917420,
	936704694,
	43708943,
	187840979,
	2544549379,
	98219158,
	67319385,
	277955084,
	31532496,
	2435999037,
	47871646,
	48596336,
	22971409,
	18446258,
	170896941,
	139578136,
	19395497,
	83704154,
	120307951,
	62827106,
	182273948,
	1402452608,
	93536785,
	3798368538,
	80576952,
	180298414,
	35809502,
	53623295,
	880433057,
	425120575,
	89487903,
	150363993,
	82358339,
	709400407,
	268533320,
	1760404984,
	49052686,
	491599826,
	156467855,
	184757813,
	2230348478,
	33866728,
	46846074,
	84418938,
	11895536,
	22152211,
	67998086,
	99199463,
	19111869,
	114687236,
	3600620380,
	1645056094,
	22788102,
	161230469,
	49491736,
	81154592,
	169602103,
	160189871,
	130925426,
	78367424,
	34398653,
	86492583,
	22152234,
	54694324,
	4146860828,
	329021694,
	118281529,
	243778818,
	108158379,
	33732371,
	24686580,
	1180418251,
	65868656,
	629895007,
	277963405,
	60357989,
	73089204,
	236442380,
	12145515,
	542755101,
	32858586,
	243791145,
	1180417820,
	63253718,
	53130850,
	2569022418,
	61916132,
	261826683,
	124908832,
	27849961,
	190111117,
	517827255,
	236401511,
	71422361,
	55194474,
	226206253,
	33382537,
	431045523,
	2620521684,
	268586231,
	892001727,
	63253701,
	179369914,
	27848918,
	253518920,
	206136361,
	90718350,
	99610601,
	2649068009,
	163348758,
	48159648,
	123134949,
	14492601,
	189756588,
	2016188435,
	27476125,
	43245080,
	11377306,
	1001649855,
	97885289,
	183355817,
	158069071,
	88885524,
	99254241,
	271017537,
	16986649,
	62803186,
	183665698,
	35205409,
	1469850646,
	16469499,
	18446266,
	148791460,
	104642700,
	2316759705,
	22787189,
	323192649,
	139581823,
	12562495,
	427947884,
	12902404,
	746687364,
	2016189421,
	999866560,
	972189904,
	85145730,
	11452821,
	15973059,
	59175769,
	63253706,
	561842836,
	2463683230,
	462294549,
	163350265,
	553937189,
	179369752,
	150366351,
	32858662,
	119917487,
	184758713,
	113299556,
	16201421,
	190880295,
	109583771,
	346686979,
	68354853,
	78005082,
	17407931,
	1016512413,
	170903610,
	11419882,
	12562390,
	419240423,
	507803661,
	313536525,
	2413687523,
	46846246,
	19399456,
	1380774367,
	439315202,
	45094376,
	124126871,
	427949130,
	12890798,
	1402292509,
	162857391,
	34223662,
	472607575,
	334177905,
	157205837,
	105351572,
	24659699,
	218631227,
	19703046,
	103234612,
	104642522,
	2830533679,
	74904413,
	1030943683,
	23155792,
	302502491,
	36913598,
	28277195,
	119101539,
	180298769,
	24903441,
	4771618549,
	18210455,
	869123788,
	39258389,
	2222652960,
	25741198,
	176087639,
	92142799,
	248287898,
	101078326,
	24839406,
	44561343,
	18017365,
	139578571,
	168140949,
	489196923,
	119917513,
	936703828,
	3381451677,
	176087505,
	225921724,
	483899693,
	172249239,
	55642223,
	110335886,
	419241111,
	76596269,
	88143074,
	271017937,
	128162713,
	999865627,
	608818868,
	90718505,
	48847374,
	20048880,
	144980658,
	531702150,
	72069855,
	29957963,
	19704064,
	60888284,
	118281609,
	2221406451,
	88143166,
	67319425,
	121925044,
	110704033,
	85145626,
	27477255,
	86494914,
	477911027,
	83704165,
	718258183,
	172289170,
	28275809,
	542184488,
	270562881,
	1492226137,
	159199263,
	229909386,
	105179506,
	97161295,
	155661985,
	790968791,
	73232786,
	40892781,
	109583846,
	202083069,
	76170471,
	21420014,
	1241586091,
	29100449,
	2544539559,
	1886281601,
	92627975,
	106064447,
	35366155,
	846794018,
	74385438,
	101078911,
	304719869,
	42067245,
	64735604,
	139586244,
	130167063,
	20064349,
	173755801,
	97712291,
	120749494,
	64372659,
	18010691,
	33866846,
	10831509,
	111518891,
	15731350,
	28671909,
	356213216,
	24346755,
	78026639,
	501940219,
	2535102910,
	90718618,
	186867671,
	176219131,
	74385418,
	431038614,
	189910707,
	168142620,
	462180517,
	1183007628,
	332755212,
	86494893,
	23727705,
	292969458,
	71037101,
	47871597,
	675323785}

function randomgear(plr,am)
local mods = {}
local gear = {}

repeat
	local num = math.random(1,#Gears)
	if not table.find(mods,num) then
		table.insert(mods,num)
			table.insert(gear,";gear all "..tostring(Gears[num]).." ")
	end
until #mods >= am or 10
	print(gear)
local request = main.Signals.RequestCommand
for i,v in gear do
v = v:gsub("all",plr or "all")
request:InvokeServer(v)
wait()
end
end
